0.5510204081632653
0.35144312393887944
0.1992094861660079
0.38941548183254343
0.5574162679425837
0.11194029850746269
0.07954545454545454
0.044444444444444446
0.058876003568242644
0.11194029850746269
0.07954545454545454
0.044444444444444446
0.058876003568242644
0.11194029850746269
0.07954545454545454
0.044444444444444446
0.058876003568242644
0.08164983164983165
0.8926829268292683
0.6578014184397163
0.7803223070398643
0.6443381180223285
0.5752988047808765
0.6875993640699523
0.12345679012345678
0.15422077922077923
0.14940711462450593
0.9967793880837359
0.9872813990461049
0.04574132492113565
0.030015797788309637
0.03314917127071823
0.581787521079258
0.07734806629834254
0.02917981072555205
0.027602523659305992
0.8186119873817035
0.5641025641025641
0.12884615384615383
0.08152173913043478
0.05415860735009671
0.09461966604823747
0.03671328671328671
0.041666666666666664
0.028037383177570093
0.07849829351535836
0.03943217665615142
0.6853754940711463
0.0
0.5299684542586751
0.5783521809369951
0.185126582278481
0.3053132434575734
0.28152260111023
0.15294117647058825
0.11129848229342328
0.14082278481012658
0.14928909952606634
0.1518987341772152
0.10584518167456557
0.12903225806451613
0.017350157728706624
0.17001545595054096
0.18003273322422259
0.5802469135802469
0.6213114754098361
0.6357878068091845
0.6593059936908517
0.0
0.0
0.1704361873990307
0.12345679012345678
0.15422077922077923
0.5041597337770383
0.5993740219092332
0.6677524429967426
0.553125
0.5912052117263844
0.23414634146341465
0.6329787234042553
0.5639810426540285
0.45524691358024694
0.3354943273905997
0.18037974683544303
0.20902612826603326
0.17922283901665345
0.18131433095803642
0.2218700475435816
0.15518606492478226
0.1906645569620253
0.19525691699604744
0.49047619047619045
