1.0
1.0
1.0
1.0
1.0
0.722
1.0
1.0
0.988
0.986
1.0
0.998
1.0
1.0
0.858
0.864
0.772
0.88
0.858
0.864
0.772
0.88
0.858
0.864
0.772
0.88
0.994
0.93
0.878
1.0
1.0
1.0
0.662
1.0
1.0
0.994
0.994
1.0
1.0
1.0
1.0
0.948
0.942
1.0
0.034
0.996
0.082
0.994
0.824
0.542
0.394
1.0
1.0
0.338
0.424
0.568
0.988
1.0
1.0
0.996
0.934
0.902
0.84
0.928
0.846
0.898
0.872
0.946
0.056
0.95
0.02
0.994
1.0
0.988
0.972
0.994
0.28
0.434
0.404
0.998
0.998
1.0
0.998
0.996
0.996
0.996
0.998
0.996
0.996
0.992
1.0
0.964
0.972
0.426
0.366
0.406
0.426
0.428
0.034
0.866
0.832
0.992
0.982
0.946
0.992
0.998
0.992
0.996
0.998
0.996
0.992
0.996
0.996
0.998
1.0
0.998
0.89
0.0
0.006
0.316
1.0
1.0
0.75
1.0
1.0
1.0
1.0
0.706
0.864
1.0
1.0
1.0
0.392
0.38
0.276
0.238
0.314
0.288
0.254
0.312
0.998
0.99
0.72
1.0
