0.828
0.684
0.866
0.962
0.716
0.944
1.0
1.0
0.984
0.99
1.0
1.0
1.0
1.0
0.938
0.896
0.89
0.924
0.938
0.896
0.89
0.924
0.938
0.896
0.89
0.924
0.994
0.896
0.784
1.0
1.0
1.0
0.702
1.0
1.0
0.982
0.97
1.0
1.0
1.0
1.0
0.982
0.986
1.0
0.054
0.994
0.138
0.962
0.812
0.516
0.494
1.0
1.0
0.384
0.592
0.724
0.984
1.0
1.0
0.978
0.974
0.95
0.878
0.936
0.94
0.932
0.864
0.962
0.096
0.856
0.046
0.982
1.0
0.932
0.87
0.924
0.288
0.418
0.442
0.988
0.996
0.994
0.998
0.994
0.994
0.988
1.0
0.994
0.996
0.988
0.99
0.978
0.954
0.476
0.396
0.44
0.488
0.184
0.076
0.974
0.976
0.996
0.982
0.836
1.0
0.998
1.0
0.994
1.0
1.0
0.996
0.998
0.996
1.0
1.0
0.998
0.788
0.0
0.002
0.342
1.0
1.0
0.606
1.0
1.0
1.0
1.0
0.622
0.942
0.998
1.0
1.0
0.286
0.32
0.282
0.254
0.32
0.286
0.284
0.292
1.0
0.894
0.72
1.0
